0.001	4754.486033911884
0.002	8837.432446167502
0.003	12351.668525616478
0.004	15352.403126557529
0.005	17901.66908282831
0.006	20054.43588947925
0.007	21852.366457082837
0.008	23339.735771500043
0.009000000000000001	24548.16457253949
0.010000000000000002	25510.04597157885
0.011	26250.194389275075
0.012	26791.83231824783
0.013000000000000001	27157.7074489117
0.014000000000000002	27359.8323537165
0.015	27421.941402668777
0.016	27396.819584159042
0.017	27262.909090878147
0.018000000000000002	27004.449155748243
0.019000000000000003	26661.762546599934
0.02	26253.214372198705
0.021	25768.060980107886
0.022000000000000002	25220.381572813552
0.023	24639.00440366294
0.024	24040.899760855154
0.025	23429.81055046805
0.026000000000000002	22808.778578768954
0.027000000000000003	22182.12617998607
0.028	21547.799348680153
0.029	20913.506179803615
0.030000000000000002	20283.03814667157
0.031	19662.83425844798
0.032	19057.468176723047
0.033	18472.231798923774
0.034	17909.17792582752
0.035	17370.79623936914
0.036000000000000004	16859.430960280508
0.037000000000000005	16374.242583690744
0.038	15914.878789069866
0.039	15481.562675197038
0.04	15073.081863708969
0.041	14690.315599740386
0.042	14330.178883063178
0.043000000000000003	13995.331425235112
0.044000000000000004	13684.122905861514
0.045	13397.029492725967
0.046	13133.485908509263
0.047	12890.918305604582
0.048	12666.752255278503
0.049	12458.661118942016
0.05	12265.036120030589
0.051000000000000004	12083.831969408866
0.052000000000000005	11912.965632264702
0.053000000000000005	11751.755712509237
0.054	11599.191147856222
0.055	11454.087835428998
0.056	11314.969686683702
0.057	11180.338930122522
0.058	11049.318463570671
0.059000000000000004	10921.10941415778
0.060000000000000005	10794.309819259368
0.061	10667.01750416219
0.062	10539.890612497278
0.063	10411.457288597929
0.064	10279.423543063634
0.065	10143.332770307383
0.066	10002.539841046377
0.067	9857.157873007884
0.068	9707.933339326713
0.069	9556.067735856692
0.07	9402.574903505489
0.07100000000000001	9247.257583743882
0.07200000000000001	9089.329451907948
0.07300000000000001	8927.395655566008
0.074	8760.288111630513
0.075	8588.155008024838
0.076	8412.51922215981
0.077	8235.064174266801
0.078	8057.1745975889235
0.079	7880.141371197862
0.08	7704.457995471289
0.081	7530.6000207756215
0.082	7358.779469117099
0.083	7189.4676798324435
0.084	7023.168509513656
0.085	6860.411219004072
0.08600000000000001	6701.679924943268
0.08700000000000001	6547.4404727452475
0.08800000000000001	6398.028165914639
0.089	6253.764571810538
0.09	6114.928596193639
0.091	5981.805028128282
0.092	5854.592780955418
0.093	5733.474204264433
0.094	5618.57279702654
0.095	5509.972869332074
0.096	5407.764980689459
0.097	5311.883049966477
0.098	5222.248153151318
0.099	5138.657338856675
0.1	5060.868500863793
0.101	4988.715066407838
0.10200000000000001	4922.183157760403
0.10300000000000001	4860.759663728685
0.10400000000000001	4803.802256570432
0.10500000000000001	4751.02223839065
0.106	4702.25187595228
0.107	4657.075863784482
0.108	4614.980965954258
0.109	4575.547452035139
0.11	4538.412193219728
0.111	4503.179679938205
0.112	4469.40151234425
0.113	4436.614985181411
0.114	4404.550183602276
0.115	4372.828635646425
0.116	4341.227843597222
0.117	4309.523326594379
0.11800000000000001	4277.440917553126
0.11900000000000001	4244.651509293204
0.12000000000000001	4210.824250580089
0.121	4175.921643839073
0.122	4139.792267651649
0.123	4102.324812000747
0.124	4063.3563951948595
0.125	4022.7803065956396
0.126	3980.7080953206387
0.127	3937.17647104336
0.128	3892.1878164139816
0.129	3845.7164152804858
0.13	3797.765017475819
0.131	3748.511559820529
0.132	3698.0238140260453
0.133	3646.4706009012716
0.134	3594.033827517267
0.135	3540.901985821661
0.136	3487.1769737799436
0.137	3432.9557649715603
0.138	3378.3702352201835
0.139	3323.6941002641065
0.14	3269.1883212164994
0.14100000000000001	3215.013206346002
0.14200000000000002	3161.280557105185
0.14300000000000002	3108.08664737177
0.14400000000000002	3055.6504391613344
0.14500000000000002	3004.185468545767
0.146	2953.9715286859237
0.147	2905.071230562931
0.148	2857.6007069670354
0.149	2811.742273930549
0.15	2767.525922948432
0.151	2725.031753739691
0.152	2684.4239852470455
0.153	2645.645540203052
0.154	2608.7153578398043
0.155	2573.7084106539514
0.156	2540.5591238664097
0.157	2509.2435627458185
0.158	2479.8362452539436
0.159	2452.186513833656
0.16	2426.1788272487724
0.161	2401.7167703814303
0.162	2378.709508548087
0.163	2357.0676189435912
0.164	2336.701593598018
0.165	2317.520297416159
0.166	2299.428354013538
0.167	2282.3368083400956
0.168	2266.181529146205
0.169	2250.811788843617
0.17	2236.111766614317
0.171	2221.930262410803
0.17200000000000001	2208.1912558541762
0.17300000000000001	2194.8197023344433
0.17400000000000002	2181.7305115437616
0.17500000000000002	2168.8381368312057
0.17600000000000002	2156.03620110667
0.177	2143.2281710175253
0.178	2130.2774617481186
0.179	2117.135241290607
0.18	2103.7423820408985
0.181	2090.0188451739346
0.182	2075.8718273869563
0.183	2061.28615229329
0.184	2046.2119318762018
0.185	2030.524071175292
0.186	2014.2162623757504
0.187	1997.365344660448
0.188	1979.9839961033515
0.189	1962.0440068682835
0.19	1943.6071395214194
0.191	1924.717532678684
0.192	1905.4088673487342
0.193	1885.6663094697885
0.194	1865.597834506111
0.195	1845.2608320978998
0.196	1824.7139252084633
0.197	1804.0200615069236
0.198	1783.2260071898572
0.199	1762.3857098990297
0.2	1741.5566729163727
0.201	1720.8036191369604
0.202	1700.1576114173938
0.203	1679.6651807303422
0.20400000000000001	1659.3713732859933
0.20500000000000002	1639.315965696711
0.20600000000000002	1619.5580099623162
0.20700000000000002	1600.147871596701
0.20800000000000002	1581.1384735912693
0.20900000000000002	1562.655444707374
0.21	1544.6418709286295
0.211	1527.1185604391887
0.212	1510.1063214232076
0.213	1493.6502857099183
0.214	1477.7443050293218
0.215	1462.393446976666
0.216	1447.6082933550385
0.217	1433.4342254290307
0.218	1419.865971423595
0.219	1406.863540029007
0.22	1394.416567863292
0.221	1382.5250071003177
0.222	1371.2140335016254
0.223	1360.4062305518833
0.224	1350.0725852204373
0.225	1340.1840844766336
0.226	1330.7229173088658
0.227	1321.6504986228492
0.228	1312.9281134408077
0.229	1304.521924832661
0.23	1296.3979211916612
0.231	1288.5215272160513
0.232	1280.8601898488487
0.233	1273.380403253503
0.234	1266.0486615934622
0.23500000000000001	1258.823578584807
0.23600000000000002	1251.6740138455677
0.23700000000000002	1244.5782609754242
0.23800000000000002	1237.5070699685996
0.23900000000000002	1230.4311908193176
0.24000000000000002	1223.2884984416553
0.241	1216.0810744111252
0.242	1208.8011372497697
0.243	1201.4308881178824
0.244	1193.952528175757
0.245	1186.2960745866499
0.246	1178.5055865230631
0.247	1170.5811770075904
0.248	1162.51951531808
0.249	1154.3167807847099
0.25	1145.9234636257008
0.251	1137.3944796757241
0.252	1128.7383523588987
0.253	1119.963605099343
0.254	1111.0787613211767
0.255	1102.0553550003701
0.256	1092.9467137201266
0.257	1083.7712217075707
0.258	1074.5464822741208
0.259	1065.2900987311941
0.26	1056.0312006667828
0.261	1046.7754241605737
0.262	1037.5351935181434
0.263	1028.3250128077111
0.264	1019.1593860974972
0.265	1010.0499476258715
0.266	1001.0128168063397
0.267	992.0653606153091
0.268	983.2231032628328
0.269	974.5015689589634
0.27	965.9261286740873
0.271	957.5268034101972
0.272	949.2854869692752
0.273	941.2101736782952
0.274	933.3088578642312
0.275	925.5895338540568
0.276	918.0933954412344
0.277	910.7962523474658
0.278	903.6905074750554
0.279	896.7759813770779
0.28	890.0524946066079
0.281	883.5291991102046
0.28200000000000003	877.221117547148
0.28300000000000003	871.0951703716134
0.28400000000000003	865.1443389547601
0.28500000000000003	859.3616046677471
0.28600000000000003	853.7399488817335
0.28700000000000003	848.2808198319942
0.28800000000000003	842.9731620064116
0.28900000000000003	837.8014101372024
0.29	832.7558953864466
0.291	827.826948916223
0.292	823.0049018886116
0.293	818.2848531811297
0.294	813.6526952833617
0.295	809.0965738972502
0.296	804.6057693826897
0.297	800.1695620995743
0.298	795.777232407798
0.299	791.4011294411437
0.3	787.0483411601002